{
 "cells": [
  {
   "cell_type": "code",
   "execution_count": 79,
   "metadata": {},
   "outputs": [],
   "source": [
    "import pandas as pd \n",
    "import numpy as np\n",
    "import matplotlib.pyplot as plt\n",
    "import seaborn as sns"
   ]
  },
  {
   "cell_type": "code",
   "execution_count": 104,
   "metadata": {},
   "outputs": [],
   "source": [
    "data = pd.read_csv('cirrhosis.CSV')"
   ]
  },
  {
   "cell_type": "code",
   "execution_count": 105,
   "metadata": {},
   "outputs": [
    {
     "data": {
      "text/html": [
       "<div>\n",
       "<style scoped>\n",
       "    .dataframe tbody tr th:only-of-type {\n",
       "        vertical-align: middle;\n",
       "    }\n",
       "\n",
       "    .dataframe tbody tr th {\n",
       "        vertical-align: top;\n",
       "    }\n",
       "\n",
       "    .dataframe thead th {\n",
       "        text-align: right;\n",
       "    }\n",
       "</style>\n",
       "<table border=\"1\" class=\"dataframe\">\n",
       "  <thead>\n",
       "    <tr style=\"text-align: right;\">\n",
       "      <th></th>\n",
       "      <th>ID</th>\n",
       "      <th>N_Days</th>\n",
       "      <th>Status</th>\n",
       "      <th>Drug</th>\n",
       "      <th>Age</th>\n",
       "      <th>Sex</th>\n",
       "      <th>Ascites</th>\n",
       "      <th>Hepatomegaly</th>\n",
       "      <th>Spiders</th>\n",
       "      <th>Edema</th>\n",
       "      <th>Bilirubin</th>\n",
       "      <th>Cholesterol</th>\n",
       "      <th>Albumin</th>\n",
       "      <th>Copper</th>\n",
       "      <th>Alk_Phos</th>\n",
       "      <th>SGOT</th>\n",
       "      <th>Tryglicerides</th>\n",
       "      <th>Platelets</th>\n",
       "      <th>Prothrombin</th>\n",
       "      <th>Stage</th>\n",
       "    </tr>\n",
       "  </thead>\n",
       "  <tbody>\n",
       "    <tr>\n",
       "      <th>0</th>\n",
       "      <td>1</td>\n",
       "      <td>400</td>\n",
       "      <td>D</td>\n",
       "      <td>D-penicillamine</td>\n",
       "      <td>21464</td>\n",
       "      <td>F</td>\n",
       "      <td>Y</td>\n",
       "      <td>Y</td>\n",
       "      <td>Y</td>\n",
       "      <td>Y</td>\n",
       "      <td>14.5</td>\n",
       "      <td>261.0</td>\n",
       "      <td>2.60</td>\n",
       "      <td>156.0</td>\n",
       "      <td>1718.0</td>\n",
       "      <td>137.95</td>\n",
       "      <td>172.0</td>\n",
       "      <td>190.0</td>\n",
       "      <td>12.2</td>\n",
       "      <td>4.0</td>\n",
       "    </tr>\n",
       "    <tr>\n",
       "      <th>1</th>\n",
       "      <td>2</td>\n",
       "      <td>4500</td>\n",
       "      <td>C</td>\n",
       "      <td>D-penicillamine</td>\n",
       "      <td>20617</td>\n",
       "      <td>F</td>\n",
       "      <td>N</td>\n",
       "      <td>Y</td>\n",
       "      <td>Y</td>\n",
       "      <td>N</td>\n",
       "      <td>1.1</td>\n",
       "      <td>302.0</td>\n",
       "      <td>4.14</td>\n",
       "      <td>54.0</td>\n",
       "      <td>7394.8</td>\n",
       "      <td>113.52</td>\n",
       "      <td>88.0</td>\n",
       "      <td>221.0</td>\n",
       "      <td>10.6</td>\n",
       "      <td>3.0</td>\n",
       "    </tr>\n",
       "    <tr>\n",
       "      <th>2</th>\n",
       "      <td>3</td>\n",
       "      <td>1012</td>\n",
       "      <td>D</td>\n",
       "      <td>D-penicillamine</td>\n",
       "      <td>25594</td>\n",
       "      <td>M</td>\n",
       "      <td>N</td>\n",
       "      <td>N</td>\n",
       "      <td>N</td>\n",
       "      <td>S</td>\n",
       "      <td>1.4</td>\n",
       "      <td>176.0</td>\n",
       "      <td>3.48</td>\n",
       "      <td>210.0</td>\n",
       "      <td>516.0</td>\n",
       "      <td>96.10</td>\n",
       "      <td>55.0</td>\n",
       "      <td>151.0</td>\n",
       "      <td>12.0</td>\n",
       "      <td>4.0</td>\n",
       "    </tr>\n",
       "    <tr>\n",
       "      <th>3</th>\n",
       "      <td>4</td>\n",
       "      <td>1925</td>\n",
       "      <td>D</td>\n",
       "      <td>D-penicillamine</td>\n",
       "      <td>19994</td>\n",
       "      <td>F</td>\n",
       "      <td>N</td>\n",
       "      <td>Y</td>\n",
       "      <td>Y</td>\n",
       "      <td>S</td>\n",
       "      <td>1.8</td>\n",
       "      <td>244.0</td>\n",
       "      <td>2.54</td>\n",
       "      <td>64.0</td>\n",
       "      <td>6121.8</td>\n",
       "      <td>60.63</td>\n",
       "      <td>92.0</td>\n",
       "      <td>183.0</td>\n",
       "      <td>10.3</td>\n",
       "      <td>4.0</td>\n",
       "    </tr>\n",
       "    <tr>\n",
       "      <th>4</th>\n",
       "      <td>5</td>\n",
       "      <td>1504</td>\n",
       "      <td>CL</td>\n",
       "      <td>Placebo</td>\n",
       "      <td>13918</td>\n",
       "      <td>F</td>\n",
       "      <td>N</td>\n",
       "      <td>Y</td>\n",
       "      <td>Y</td>\n",
       "      <td>N</td>\n",
       "      <td>3.4</td>\n",
       "      <td>279.0</td>\n",
       "      <td>3.53</td>\n",
       "      <td>143.0</td>\n",
       "      <td>671.0</td>\n",
       "      <td>113.15</td>\n",
       "      <td>72.0</td>\n",
       "      <td>136.0</td>\n",
       "      <td>10.9</td>\n",
       "      <td>3.0</td>\n",
       "    </tr>\n",
       "  </tbody>\n",
       "</table>\n",
       "</div>"
      ],
      "text/plain": [
       "   ID  N_Days Status             Drug    Age Sex Ascites Hepatomegaly Spiders  \\\n",
       "0   1     400      D  D-penicillamine  21464   F       Y            Y       Y   \n",
       "1   2    4500      C  D-penicillamine  20617   F       N            Y       Y   \n",
       "2   3    1012      D  D-penicillamine  25594   M       N            N       N   \n",
       "3   4    1925      D  D-penicillamine  19994   F       N            Y       Y   \n",
       "4   5    1504     CL          Placebo  13918   F       N            Y       Y   \n",
       "\n",
       "  Edema  Bilirubin  Cholesterol  Albumin  Copper  Alk_Phos    SGOT  \\\n",
       "0     Y       14.5        261.0     2.60   156.0    1718.0  137.95   \n",
       "1     N        1.1        302.0     4.14    54.0    7394.8  113.52   \n",
       "2     S        1.4        176.0     3.48   210.0     516.0   96.10   \n",
       "3     S        1.8        244.0     2.54    64.0    6121.8   60.63   \n",
       "4     N        3.4        279.0     3.53   143.0     671.0  113.15   \n",
       "\n",
       "   Tryglicerides  Platelets  Prothrombin  Stage  \n",
       "0          172.0      190.0         12.2    4.0  \n",
       "1           88.0      221.0         10.6    3.0  \n",
       "2           55.0      151.0         12.0    4.0  \n",
       "3           92.0      183.0         10.3    4.0  \n",
       "4           72.0      136.0         10.9    3.0  "
      ]
     },
     "execution_count": 105,
     "metadata": {},
     "output_type": "execute_result"
    }
   ],
   "source": [
    "data.head()"
   ]
  },
  {
   "cell_type": "code",
   "execution_count": 106,
   "metadata": {},
   "outputs": [
    {
     "data": {
      "text/plain": [
       "(418, 20)"
      ]
     },
     "execution_count": 106,
     "metadata": {},
     "output_type": "execute_result"
    }
   ],
   "source": [
    "data.shape"
   ]
  },
  {
   "cell_type": "code",
   "execution_count": 107,
   "metadata": {},
   "outputs": [],
   "source": [
    "from sklearn import preprocessing\n",
    "label_encoder = preprocessing.LabelEncoder()\n",
    "\n",
    "\n",
    "data['Status']= label_encoder.fit_transform(data['Status'])\n",
    "data['Drug']= label_encoder.fit_transform(data['Drug'])\n",
    "data['Sex']= label_encoder.fit_transform(data['Sex'])\n",
    "data['Ascites']= label_encoder.fit_transform(data['Ascites'])\n",
    "data['Hepatomegaly']= label_encoder.fit_transform(data['Hepatomegaly'])\n",
    "data['Spiders']= label_encoder.fit_transform(data['Spiders'])\n",
    "data['Edema']= label_encoder.fit_transform(data['Edema'])          "
   ]
  },
  {
   "cell_type": "code",
   "execution_count": 108,
   "metadata": {},
   "outputs": [
    {
     "data": {
      "text/html": [
       "<div>\n",
       "<style scoped>\n",
       "    .dataframe tbody tr th:only-of-type {\n",
       "        vertical-align: middle;\n",
       "    }\n",
       "\n",
       "    .dataframe tbody tr th {\n",
       "        vertical-align: top;\n",
       "    }\n",
       "\n",
       "    .dataframe thead th {\n",
       "        text-align: right;\n",
       "    }\n",
       "</style>\n",
       "<table border=\"1\" class=\"dataframe\">\n",
       "  <thead>\n",
       "    <tr style=\"text-align: right;\">\n",
       "      <th></th>\n",
       "      <th>ID</th>\n",
       "      <th>N_Days</th>\n",
       "      <th>Status</th>\n",
       "      <th>Drug</th>\n",
       "      <th>Age</th>\n",
       "      <th>Sex</th>\n",
       "      <th>Ascites</th>\n",
       "      <th>Hepatomegaly</th>\n",
       "      <th>Spiders</th>\n",
       "      <th>Edema</th>\n",
       "      <th>Bilirubin</th>\n",
       "      <th>Cholesterol</th>\n",
       "      <th>Albumin</th>\n",
       "      <th>Copper</th>\n",
       "      <th>Alk_Phos</th>\n",
       "      <th>SGOT</th>\n",
       "      <th>Tryglicerides</th>\n",
       "      <th>Platelets</th>\n",
       "      <th>Prothrombin</th>\n",
       "      <th>Stage</th>\n",
       "    </tr>\n",
       "  </thead>\n",
       "  <tbody>\n",
       "    <tr>\n",
       "      <th>0</th>\n",
       "      <td>1</td>\n",
       "      <td>400</td>\n",
       "      <td>2</td>\n",
       "      <td>0</td>\n",
       "      <td>21464</td>\n",
       "      <td>0</td>\n",
       "      <td>1</td>\n",
       "      <td>1</td>\n",
       "      <td>1</td>\n",
       "      <td>2</td>\n",
       "      <td>14.5</td>\n",
       "      <td>261.0</td>\n",
       "      <td>2.60</td>\n",
       "      <td>156.0</td>\n",
       "      <td>1718.0</td>\n",
       "      <td>137.95</td>\n",
       "      <td>172.0</td>\n",
       "      <td>190.0</td>\n",
       "      <td>12.2</td>\n",
       "      <td>4.0</td>\n",
       "    </tr>\n",
       "    <tr>\n",
       "      <th>1</th>\n",
       "      <td>2</td>\n",
       "      <td>4500</td>\n",
       "      <td>0</td>\n",
       "      <td>0</td>\n",
       "      <td>20617</td>\n",
       "      <td>0</td>\n",
       "      <td>0</td>\n",
       "      <td>1</td>\n",
       "      <td>1</td>\n",
       "      <td>0</td>\n",
       "      <td>1.1</td>\n",
       "      <td>302.0</td>\n",
       "      <td>4.14</td>\n",
       "      <td>54.0</td>\n",
       "      <td>7394.8</td>\n",
       "      <td>113.52</td>\n",
       "      <td>88.0</td>\n",
       "      <td>221.0</td>\n",
       "      <td>10.6</td>\n",
       "      <td>3.0</td>\n",
       "    </tr>\n",
       "    <tr>\n",
       "      <th>2</th>\n",
       "      <td>3</td>\n",
       "      <td>1012</td>\n",
       "      <td>2</td>\n",
       "      <td>0</td>\n",
       "      <td>25594</td>\n",
       "      <td>1</td>\n",
       "      <td>0</td>\n",
       "      <td>0</td>\n",
       "      <td>0</td>\n",
       "      <td>1</td>\n",
       "      <td>1.4</td>\n",
       "      <td>176.0</td>\n",
       "      <td>3.48</td>\n",
       "      <td>210.0</td>\n",
       "      <td>516.0</td>\n",
       "      <td>96.10</td>\n",
       "      <td>55.0</td>\n",
       "      <td>151.0</td>\n",
       "      <td>12.0</td>\n",
       "      <td>4.0</td>\n",
       "    </tr>\n",
       "    <tr>\n",
       "      <th>3</th>\n",
       "      <td>4</td>\n",
       "      <td>1925</td>\n",
       "      <td>2</td>\n",
       "      <td>0</td>\n",
       "      <td>19994</td>\n",
       "      <td>0</td>\n",
       "      <td>0</td>\n",
       "      <td>1</td>\n",
       "      <td>1</td>\n",
       "      <td>1</td>\n",
       "      <td>1.8</td>\n",
       "      <td>244.0</td>\n",
       "      <td>2.54</td>\n",
       "      <td>64.0</td>\n",
       "      <td>6121.8</td>\n",
       "      <td>60.63</td>\n",
       "      <td>92.0</td>\n",
       "      <td>183.0</td>\n",
       "      <td>10.3</td>\n",
       "      <td>4.0</td>\n",
       "    </tr>\n",
       "    <tr>\n",
       "      <th>4</th>\n",
       "      <td>5</td>\n",
       "      <td>1504</td>\n",
       "      <td>1</td>\n",
       "      <td>1</td>\n",
       "      <td>13918</td>\n",
       "      <td>0</td>\n",
       "      <td>0</td>\n",
       "      <td>1</td>\n",
       "      <td>1</td>\n",
       "      <td>0</td>\n",
       "      <td>3.4</td>\n",
       "      <td>279.0</td>\n",
       "      <td>3.53</td>\n",
       "      <td>143.0</td>\n",
       "      <td>671.0</td>\n",
       "      <td>113.15</td>\n",
       "      <td>72.0</td>\n",
       "      <td>136.0</td>\n",
       "      <td>10.9</td>\n",
       "      <td>3.0</td>\n",
       "    </tr>\n",
       "  </tbody>\n",
       "</table>\n",
       "</div>"
      ],
      "text/plain": [
       "   ID  N_Days  Status  Drug    Age  Sex  Ascites  Hepatomegaly  Spiders  \\\n",
       "0   1     400       2     0  21464    0        1             1        1   \n",
       "1   2    4500       0     0  20617    0        0             1        1   \n",
       "2   3    1012       2     0  25594    1        0             0        0   \n",
       "3   4    1925       2     0  19994    0        0             1        1   \n",
       "4   5    1504       1     1  13918    0        0             1        1   \n",
       "\n",
       "   Edema  Bilirubin  Cholesterol  Albumin  Copper  Alk_Phos    SGOT  \\\n",
       "0      2       14.5        261.0     2.60   156.0    1718.0  137.95   \n",
       "1      0        1.1        302.0     4.14    54.0    7394.8  113.52   \n",
       "2      1        1.4        176.0     3.48   210.0     516.0   96.10   \n",
       "3      1        1.8        244.0     2.54    64.0    6121.8   60.63   \n",
       "4      0        3.4        279.0     3.53   143.0     671.0  113.15   \n",
       "\n",
       "   Tryglicerides  Platelets  Prothrombin  Stage  \n",
       "0          172.0      190.0         12.2    4.0  \n",
       "1           88.0      221.0         10.6    3.0  \n",
       "2           55.0      151.0         12.0    4.0  \n",
       "3           92.0      183.0         10.3    4.0  \n",
       "4           72.0      136.0         10.9    3.0  "
      ]
     },
     "execution_count": 108,
     "metadata": {},
     "output_type": "execute_result"
    }
   ],
   "source": [
    "data.head()"
   ]
  },
  {
   "cell_type": "code",
   "execution_count": 109,
   "metadata": {},
   "outputs": [
    {
     "data": {
      "text/plain": [
       "(418, 20)"
      ]
     },
     "execution_count": 109,
     "metadata": {},
     "output_type": "execute_result"
    }
   ],
   "source": [
    "data.shape"
   ]
  },
  {
   "cell_type": "code",
   "execution_count": 110,
   "metadata": {},
   "outputs": [
    {
     "data": {
      "text/html": [
       "<div>\n",
       "<style scoped>\n",
       "    .dataframe tbody tr th:only-of-type {\n",
       "        vertical-align: middle;\n",
       "    }\n",
       "\n",
       "    .dataframe tbody tr th {\n",
       "        vertical-align: top;\n",
       "    }\n",
       "\n",
       "    .dataframe thead th {\n",
       "        text-align: right;\n",
       "    }\n",
       "</style>\n",
       "<table border=\"1\" class=\"dataframe\">\n",
       "  <thead>\n",
       "    <tr style=\"text-align: right;\">\n",
       "      <th></th>\n",
       "      <th>ID</th>\n",
       "      <th>N_Days</th>\n",
       "      <th>Status</th>\n",
       "      <th>Drug</th>\n",
       "      <th>Age</th>\n",
       "      <th>Sex</th>\n",
       "      <th>Ascites</th>\n",
       "      <th>Hepatomegaly</th>\n",
       "      <th>Spiders</th>\n",
       "      <th>Edema</th>\n",
       "      <th>Bilirubin</th>\n",
       "      <th>Cholesterol</th>\n",
       "      <th>Albumin</th>\n",
       "      <th>Copper</th>\n",
       "      <th>Alk_Phos</th>\n",
       "      <th>SGOT</th>\n",
       "      <th>Tryglicerides</th>\n",
       "      <th>Platelets</th>\n",
       "      <th>Prothrombin</th>\n",
       "      <th>Stage</th>\n",
       "    </tr>\n",
       "  </thead>\n",
       "  <tbody>\n",
       "    <tr>\n",
       "      <th>ID</th>\n",
       "      <td>1.000000</td>\n",
       "      <td>-0.354305</td>\n",
       "      <td>-0.282416</td>\n",
       "      <td>0.615910</td>\n",
       "      <td>0.037136</td>\n",
       "      <td>-0.083855</td>\n",
       "      <td>0.706790</td>\n",
       "      <td>0.606797</td>\n",
       "      <td>0.637938</td>\n",
       "      <td>-0.159830</td>\n",
       "      <td>-0.062154</td>\n",
       "      <td>0.032897</td>\n",
       "      <td>-0.128924</td>\n",
       "      <td>-0.098663</td>\n",
       "      <td>-0.352856</td>\n",
       "      <td>-0.012097</td>\n",
       "      <td>-0.034100</td>\n",
       "      <td>-0.076699</td>\n",
       "      <td>-0.191930</td>\n",
       "      <td>-0.033757</td>\n",
       "    </tr>\n",
       "    <tr>\n",
       "      <th>N_Days</th>\n",
       "      <td>-0.354305</td>\n",
       "      <td>1.000000</td>\n",
       "      <td>-0.416651</td>\n",
       "      <td>-0.119046</td>\n",
       "      <td>-0.125934</td>\n",
       "      <td>-0.007386</td>\n",
       "      <td>-0.204354</td>\n",
       "      <td>-0.255029</td>\n",
       "      <td>-0.230766</td>\n",
       "      <td>-0.304634</td>\n",
       "      <td>-0.403953</td>\n",
       "      <td>-0.138236</td>\n",
       "      <td>0.430829</td>\n",
       "      <td>-0.364809</td>\n",
       "      <td>0.149269</td>\n",
       "      <td>-0.225492</td>\n",
       "      <td>-0.153000</td>\n",
       "      <td>0.151361</td>\n",
       "      <td>-0.111470</td>\n",
       "      <td>-0.366193</td>\n",
       "    </tr>\n",
       "    <tr>\n",
       "      <th>Status</th>\n",
       "      <td>-0.282416</td>\n",
       "      <td>-0.416651</td>\n",
       "      <td>1.000000</td>\n",
       "      <td>-0.060126</td>\n",
       "      <td>0.191525</td>\n",
       "      <td>0.118189</td>\n",
       "      <td>0.017576</td>\n",
       "      <td>0.113355</td>\n",
       "      <td>0.042589</td>\n",
       "      <td>0.303299</td>\n",
       "      <td>0.429722</td>\n",
       "      <td>0.187275</td>\n",
       "      <td>-0.261674</td>\n",
       "      <td>0.388296</td>\n",
       "      <td>0.225822</td>\n",
       "      <td>0.294376</td>\n",
       "      <td>0.212486</td>\n",
       "      <td>-0.083823</td>\n",
       "      <td>0.339424</td>\n",
       "      <td>0.320291</td>\n",
       "    </tr>\n",
       "    <tr>\n",
       "      <th>Drug</th>\n",
       "      <td>0.615910</td>\n",
       "      <td>-0.119046</td>\n",
       "      <td>-0.060126</td>\n",
       "      <td>1.000000</td>\n",
       "      <td>0.034578</td>\n",
       "      <td>-0.074747</td>\n",
       "      <td>0.798565</td>\n",
       "      <td>0.725940</td>\n",
       "      <td>0.741174</td>\n",
       "      <td>-0.063520</td>\n",
       "      <td>0.030382</td>\n",
       "      <td>0.019148</td>\n",
       "      <td>-0.071900</td>\n",
       "      <td>0.000060</td>\n",
       "      <td>-0.018316</td>\n",
       "      <td>0.042007</td>\n",
       "      <td>0.008572</td>\n",
       "      <td>-0.057216</td>\n",
       "      <td>0.043053</td>\n",
       "      <td>0.019133</td>\n",
       "    </tr>\n",
       "    <tr>\n",
       "      <th>Age</th>\n",
       "      <td>0.037136</td>\n",
       "      <td>-0.125934</td>\n",
       "      <td>0.191525</td>\n",
       "      <td>0.034578</td>\n",
       "      <td>1.000000</td>\n",
       "      <td>0.163341</td>\n",
       "      <td>0.168340</td>\n",
       "      <td>0.135407</td>\n",
       "      <td>0.084747</td>\n",
       "      <td>0.196916</td>\n",
       "      <td>0.002362</td>\n",
       "      <td>-0.157620</td>\n",
       "      <td>-0.182350</td>\n",
       "      <td>0.061549</td>\n",
       "      <td>-0.047247</td>\n",
       "      <td>-0.149869</td>\n",
       "      <td>0.022065</td>\n",
       "      <td>-0.148201</td>\n",
       "      <td>0.113760</td>\n",
       "      <td>0.189083</td>\n",
       "    </tr>\n",
       "    <tr>\n",
       "      <th>Sex</th>\n",
       "      <td>-0.083855</td>\n",
       "      <td>-0.007386</td>\n",
       "      <td>0.118189</td>\n",
       "      <td>-0.074747</td>\n",
       "      <td>0.163341</td>\n",
       "      <td>1.000000</td>\n",
       "      <td>-0.052482</td>\n",
       "      <td>-0.021625</td>\n",
       "      <td>-0.109248</td>\n",
       "      <td>0.033229</td>\n",
       "      <td>-0.027652</td>\n",
       "      <td>-0.011421</td>\n",
       "      <td>0.030351</td>\n",
       "      <td>0.240146</td>\n",
       "      <td>0.032161</td>\n",
       "      <td>-0.003610</td>\n",
       "      <td>0.050511</td>\n",
       "      <td>-0.090594</td>\n",
       "      <td>0.070476</td>\n",
       "      <td>0.017235</td>\n",
       "    </tr>\n",
       "    <tr>\n",
       "      <th>Ascites</th>\n",
       "      <td>0.706790</td>\n",
       "      <td>-0.204354</td>\n",
       "      <td>0.017576</td>\n",
       "      <td>0.798565</td>\n",
       "      <td>0.168340</td>\n",
       "      <td>-0.052482</td>\n",
       "      <td>1.000000</td>\n",
       "      <td>0.825674</td>\n",
       "      <td>0.873360</td>\n",
       "      <td>0.079371</td>\n",
       "      <td>0.075832</td>\n",
       "      <td>-0.057983</td>\n",
       "      <td>-0.176055</td>\n",
       "      <td>0.226663</td>\n",
       "      <td>0.010615</td>\n",
       "      <td>0.092264</td>\n",
       "      <td>0.207103</td>\n",
       "      <td>-0.134454</td>\n",
       "      <td>0.082681</td>\n",
       "      <td>0.043631</td>\n",
       "    </tr>\n",
       "    <tr>\n",
       "      <th>Hepatomegaly</th>\n",
       "      <td>0.606797</td>\n",
       "      <td>-0.255029</td>\n",
       "      <td>0.113355</td>\n",
       "      <td>0.725940</td>\n",
       "      <td>0.135407</td>\n",
       "      <td>-0.021625</td>\n",
       "      <td>0.825674</td>\n",
       "      <td>1.000000</td>\n",
       "      <td>0.812455</td>\n",
       "      <td>0.031858</td>\n",
       "      <td>0.137246</td>\n",
       "      <td>0.137713</td>\n",
       "      <td>-0.217564</td>\n",
       "      <td>0.234131</td>\n",
       "      <td>0.110236</td>\n",
       "      <td>0.136035</td>\n",
       "      <td>0.160466</td>\n",
       "      <td>-0.163387</td>\n",
       "      <td>0.097493</td>\n",
       "      <td>0.215112</td>\n",
       "    </tr>\n",
       "    <tr>\n",
       "      <th>Spiders</th>\n",
       "      <td>0.637938</td>\n",
       "      <td>-0.230766</td>\n",
       "      <td>0.042589</td>\n",
       "      <td>0.741174</td>\n",
       "      <td>0.084747</td>\n",
       "      <td>-0.109248</td>\n",
       "      <td>0.873360</td>\n",
       "      <td>0.812455</td>\n",
       "      <td>1.000000</td>\n",
       "      <td>0.057924</td>\n",
       "      <td>0.106923</td>\n",
       "      <td>0.062389</td>\n",
       "      <td>-0.173506</td>\n",
       "      <td>0.261460</td>\n",
       "      <td>0.037864</td>\n",
       "      <td>0.130724</td>\n",
       "      <td>0.096665</td>\n",
       "      <td>-0.142450</td>\n",
       "      <td>0.107120</td>\n",
       "      <td>0.105712</td>\n",
       "    </tr>\n",
       "    <tr>\n",
       "      <th>Edema</th>\n",
       "      <td>-0.159830</td>\n",
       "      <td>-0.304634</td>\n",
       "      <td>0.303299</td>\n",
       "      <td>-0.063520</td>\n",
       "      <td>0.196916</td>\n",
       "      <td>0.033229</td>\n",
       "      <td>0.079371</td>\n",
       "      <td>0.031858</td>\n",
       "      <td>0.057924</td>\n",
       "      <td>1.000000</td>\n",
       "      <td>0.330803</td>\n",
       "      <td>-0.108267</td>\n",
       "      <td>-0.331281</td>\n",
       "      <td>0.257297</td>\n",
       "      <td>0.023525</td>\n",
       "      <td>0.140674</td>\n",
       "      <td>0.083193</td>\n",
       "      <td>-0.203826</td>\n",
       "      <td>0.331638</td>\n",
       "      <td>0.243216</td>\n",
       "    </tr>\n",
       "    <tr>\n",
       "      <th>Bilirubin</th>\n",
       "      <td>-0.062154</td>\n",
       "      <td>-0.403953</td>\n",
       "      <td>0.429722</td>\n",
       "      <td>0.030382</td>\n",
       "      <td>0.002362</td>\n",
       "      <td>-0.027652</td>\n",
       "      <td>0.075832</td>\n",
       "      <td>0.137246</td>\n",
       "      <td>0.106923</td>\n",
       "      <td>0.330803</td>\n",
       "      <td>1.000000</td>\n",
       "      <td>0.397129</td>\n",
       "      <td>-0.314177</td>\n",
       "      <td>0.456918</td>\n",
       "      <td>0.116984</td>\n",
       "      <td>0.441730</td>\n",
       "      <td>0.436748</td>\n",
       "      <td>-0.013435</td>\n",
       "      <td>0.314894</td>\n",
       "      <td>0.200731</td>\n",
       "    </tr>\n",
       "    <tr>\n",
       "      <th>Cholesterol</th>\n",
       "      <td>0.032897</td>\n",
       "      <td>-0.138236</td>\n",
       "      <td>0.187275</td>\n",
       "      <td>0.019148</td>\n",
       "      <td>-0.157620</td>\n",
       "      <td>-0.011421</td>\n",
       "      <td>-0.057983</td>\n",
       "      <td>0.137713</td>\n",
       "      <td>0.062389</td>\n",
       "      <td>-0.108267</td>\n",
       "      <td>0.397129</td>\n",
       "      <td>1.000000</td>\n",
       "      <td>-0.069733</td>\n",
       "      <td>0.126115</td>\n",
       "      <td>0.149473</td>\n",
       "      <td>0.353246</td>\n",
       "      <td>0.276830</td>\n",
       "      <td>0.191710</td>\n",
       "      <td>-0.030811</td>\n",
       "      <td>0.011164</td>\n",
       "    </tr>\n",
       "    <tr>\n",
       "      <th>Albumin</th>\n",
       "      <td>-0.128924</td>\n",
       "      <td>0.430829</td>\n",
       "      <td>-0.261674</td>\n",
       "      <td>-0.071900</td>\n",
       "      <td>-0.182350</td>\n",
       "      <td>0.030351</td>\n",
       "      <td>-0.176055</td>\n",
       "      <td>-0.217564</td>\n",
       "      <td>-0.173506</td>\n",
       "      <td>-0.331281</td>\n",
       "      <td>-0.314177</td>\n",
       "      <td>-0.069733</td>\n",
       "      <td>1.000000</td>\n",
       "      <td>-0.264771</td>\n",
       "      <td>-0.101456</td>\n",
       "      <td>-0.220047</td>\n",
       "      <td>-0.103417</td>\n",
       "      <td>0.158659</td>\n",
       "      <td>-0.200592</td>\n",
       "      <td>-0.305296</td>\n",
       "    </tr>\n",
       "    <tr>\n",
       "      <th>Copper</th>\n",
       "      <td>-0.098663</td>\n",
       "      <td>-0.364809</td>\n",
       "      <td>0.388296</td>\n",
       "      <td>0.000060</td>\n",
       "      <td>0.061549</td>\n",
       "      <td>0.240146</td>\n",
       "      <td>0.226663</td>\n",
       "      <td>0.234131</td>\n",
       "      <td>0.261460</td>\n",
       "      <td>0.257297</td>\n",
       "      <td>0.456918</td>\n",
       "      <td>0.126115</td>\n",
       "      <td>-0.264771</td>\n",
       "      <td>1.000000</td>\n",
       "      <td>0.187357</td>\n",
       "      <td>0.293829</td>\n",
       "      <td>0.279852</td>\n",
       "      <td>-0.064403</td>\n",
       "      <td>0.218224</td>\n",
       "      <td>0.269400</td>\n",
       "    </tr>\n",
       "    <tr>\n",
       "      <th>Alk_Phos</th>\n",
       "      <td>-0.352856</td>\n",
       "      <td>0.149269</td>\n",
       "      <td>0.225822</td>\n",
       "      <td>-0.018316</td>\n",
       "      <td>-0.047247</td>\n",
       "      <td>0.032161</td>\n",
       "      <td>0.010615</td>\n",
       "      <td>0.110236</td>\n",
       "      <td>0.037864</td>\n",
       "      <td>0.023525</td>\n",
       "      <td>0.116984</td>\n",
       "      <td>0.149473</td>\n",
       "      <td>-0.101456</td>\n",
       "      <td>0.187357</td>\n",
       "      <td>1.000000</td>\n",
       "      <td>0.112217</td>\n",
       "      <td>0.180082</td>\n",
       "      <td>0.143733</td>\n",
       "      <td>0.089384</td>\n",
       "      <td>0.041273</td>\n",
       "    </tr>\n",
       "    <tr>\n",
       "      <th>SGOT</th>\n",
       "      <td>-0.012097</td>\n",
       "      <td>-0.225492</td>\n",
       "      <td>0.294376</td>\n",
       "      <td>0.042007</td>\n",
       "      <td>-0.149869</td>\n",
       "      <td>-0.003610</td>\n",
       "      <td>0.092264</td>\n",
       "      <td>0.136035</td>\n",
       "      <td>0.130724</td>\n",
       "      <td>0.140674</td>\n",
       "      <td>0.441730</td>\n",
       "      <td>0.353246</td>\n",
       "      <td>-0.220047</td>\n",
       "      <td>0.293829</td>\n",
       "      <td>0.112217</td>\n",
       "      <td>1.000000</td>\n",
       "      <td>0.126119</td>\n",
       "      <td>-0.120147</td>\n",
       "      <td>0.112174</td>\n",
       "      <td>0.164945</td>\n",
       "    </tr>\n",
       "    <tr>\n",
       "      <th>Tryglicerides</th>\n",
       "      <td>-0.034100</td>\n",
       "      <td>-0.153000</td>\n",
       "      <td>0.212486</td>\n",
       "      <td>0.008572</td>\n",
       "      <td>0.022065</td>\n",
       "      <td>0.050511</td>\n",
       "      <td>0.207103</td>\n",
       "      <td>0.160466</td>\n",
       "      <td>0.096665</td>\n",
       "      <td>0.083193</td>\n",
       "      <td>0.436748</td>\n",
       "      <td>0.276830</td>\n",
       "      <td>-0.103417</td>\n",
       "      <td>0.279852</td>\n",
       "      <td>0.180082</td>\n",
       "      <td>0.126119</td>\n",
       "      <td>1.000000</td>\n",
       "      <td>0.103212</td>\n",
       "      <td>0.020122</td>\n",
       "      <td>0.123899</td>\n",
       "    </tr>\n",
       "    <tr>\n",
       "      <th>Platelets</th>\n",
       "      <td>-0.076699</td>\n",
       "      <td>0.151361</td>\n",
       "      <td>-0.083823</td>\n",
       "      <td>-0.057216</td>\n",
       "      <td>-0.148201</td>\n",
       "      <td>-0.090594</td>\n",
       "      <td>-0.134454</td>\n",
       "      <td>-0.163387</td>\n",
       "      <td>-0.142450</td>\n",
       "      <td>-0.203826</td>\n",
       "      <td>-0.013435</td>\n",
       "      <td>0.191710</td>\n",
       "      <td>0.158659</td>\n",
       "      <td>-0.064403</td>\n",
       "      <td>0.143733</td>\n",
       "      <td>-0.120147</td>\n",
       "      <td>0.103212</td>\n",
       "      <td>1.000000</td>\n",
       "      <td>-0.167331</td>\n",
       "      <td>-0.253523</td>\n",
       "    </tr>\n",
       "    <tr>\n",
       "      <th>Prothrombin</th>\n",
       "      <td>-0.191930</td>\n",
       "      <td>-0.111470</td>\n",
       "      <td>0.339424</td>\n",
       "      <td>0.043053</td>\n",
       "      <td>0.113760</td>\n",
       "      <td>0.070476</td>\n",
       "      <td>0.082681</td>\n",
       "      <td>0.097493</td>\n",
       "      <td>0.107120</td>\n",
       "      <td>0.331638</td>\n",
       "      <td>0.314894</td>\n",
       "      <td>-0.030811</td>\n",
       "      <td>-0.200592</td>\n",
       "      <td>0.218224</td>\n",
       "      <td>0.089384</td>\n",
       "      <td>0.112174</td>\n",
       "      <td>0.020122</td>\n",
       "      <td>-0.167331</td>\n",
       "      <td>1.000000</td>\n",
       "      <td>0.207802</td>\n",
       "    </tr>\n",
       "    <tr>\n",
       "      <th>Stage</th>\n",
       "      <td>-0.033757</td>\n",
       "      <td>-0.366193</td>\n",
       "      <td>0.320291</td>\n",
       "      <td>0.019133</td>\n",
       "      <td>0.189083</td>\n",
       "      <td>0.017235</td>\n",
       "      <td>0.043631</td>\n",
       "      <td>0.215112</td>\n",
       "      <td>0.105712</td>\n",
       "      <td>0.243216</td>\n",
       "      <td>0.200731</td>\n",
       "      <td>0.011164</td>\n",
       "      <td>-0.305296</td>\n",
       "      <td>0.269400</td>\n",
       "      <td>0.041273</td>\n",
       "      <td>0.164945</td>\n",
       "      <td>0.123899</td>\n",
       "      <td>-0.253523</td>\n",
       "      <td>0.207802</td>\n",
       "      <td>1.000000</td>\n",
       "    </tr>\n",
       "  </tbody>\n",
       "</table>\n",
       "</div>"
      ],
      "text/plain": [
       "                     ID    N_Days    Status      Drug       Age       Sex  \\\n",
       "ID             1.000000 -0.354305 -0.282416  0.615910  0.037136 -0.083855   \n",
       "N_Days        -0.354305  1.000000 -0.416651 -0.119046 -0.125934 -0.007386   \n",
       "Status        -0.282416 -0.416651  1.000000 -0.060126  0.191525  0.118189   \n",
       "Drug           0.615910 -0.119046 -0.060126  1.000000  0.034578 -0.074747   \n",
       "Age            0.037136 -0.125934  0.191525  0.034578  1.000000  0.163341   \n",
       "Sex           -0.083855 -0.007386  0.118189 -0.074747  0.163341  1.000000   \n",
       "Ascites        0.706790 -0.204354  0.017576  0.798565  0.168340 -0.052482   \n",
       "Hepatomegaly   0.606797 -0.255029  0.113355  0.725940  0.135407 -0.021625   \n",
       "Spiders        0.637938 -0.230766  0.042589  0.741174  0.084747 -0.109248   \n",
       "Edema         -0.159830 -0.304634  0.303299 -0.063520  0.196916  0.033229   \n",
       "Bilirubin     -0.062154 -0.403953  0.429722  0.030382  0.002362 -0.027652   \n",
       "Cholesterol    0.032897 -0.138236  0.187275  0.019148 -0.157620 -0.011421   \n",
       "Albumin       -0.128924  0.430829 -0.261674 -0.071900 -0.182350  0.030351   \n",
       "Copper        -0.098663 -0.364809  0.388296  0.000060  0.061549  0.240146   \n",
       "Alk_Phos      -0.352856  0.149269  0.225822 -0.018316 -0.047247  0.032161   \n",
       "SGOT          -0.012097 -0.225492  0.294376  0.042007 -0.149869 -0.003610   \n",
       "Tryglicerides -0.034100 -0.153000  0.212486  0.008572  0.022065  0.050511   \n",
       "Platelets     -0.076699  0.151361 -0.083823 -0.057216 -0.148201 -0.090594   \n",
       "Prothrombin   -0.191930 -0.111470  0.339424  0.043053  0.113760  0.070476   \n",
       "Stage         -0.033757 -0.366193  0.320291  0.019133  0.189083  0.017235   \n",
       "\n",
       "                Ascites  Hepatomegaly   Spiders     Edema  Bilirubin  \\\n",
       "ID             0.706790      0.606797  0.637938 -0.159830  -0.062154   \n",
       "N_Days        -0.204354     -0.255029 -0.230766 -0.304634  -0.403953   \n",
       "Status         0.017576      0.113355  0.042589  0.303299   0.429722   \n",
       "Drug           0.798565      0.725940  0.741174 -0.063520   0.030382   \n",
       "Age            0.168340      0.135407  0.084747  0.196916   0.002362   \n",
       "Sex           -0.052482     -0.021625 -0.109248  0.033229  -0.027652   \n",
       "Ascites        1.000000      0.825674  0.873360  0.079371   0.075832   \n",
       "Hepatomegaly   0.825674      1.000000  0.812455  0.031858   0.137246   \n",
       "Spiders        0.873360      0.812455  1.000000  0.057924   0.106923   \n",
       "Edema          0.079371      0.031858  0.057924  1.000000   0.330803   \n",
       "Bilirubin      0.075832      0.137246  0.106923  0.330803   1.000000   \n",
       "Cholesterol   -0.057983      0.137713  0.062389 -0.108267   0.397129   \n",
       "Albumin       -0.176055     -0.217564 -0.173506 -0.331281  -0.314177   \n",
       "Copper         0.226663      0.234131  0.261460  0.257297   0.456918   \n",
       "Alk_Phos       0.010615      0.110236  0.037864  0.023525   0.116984   \n",
       "SGOT           0.092264      0.136035  0.130724  0.140674   0.441730   \n",
       "Tryglicerides  0.207103      0.160466  0.096665  0.083193   0.436748   \n",
       "Platelets     -0.134454     -0.163387 -0.142450 -0.203826  -0.013435   \n",
       "Prothrombin    0.082681      0.097493  0.107120  0.331638   0.314894   \n",
       "Stage          0.043631      0.215112  0.105712  0.243216   0.200731   \n",
       "\n",
       "               Cholesterol   Albumin    Copper  Alk_Phos      SGOT  \\\n",
       "ID                0.032897 -0.128924 -0.098663 -0.352856 -0.012097   \n",
       "N_Days           -0.138236  0.430829 -0.364809  0.149269 -0.225492   \n",
       "Status            0.187275 -0.261674  0.388296  0.225822  0.294376   \n",
       "Drug              0.019148 -0.071900  0.000060 -0.018316  0.042007   \n",
       "Age              -0.157620 -0.182350  0.061549 -0.047247 -0.149869   \n",
       "Sex              -0.011421  0.030351  0.240146  0.032161 -0.003610   \n",
       "Ascites          -0.057983 -0.176055  0.226663  0.010615  0.092264   \n",
       "Hepatomegaly      0.137713 -0.217564  0.234131  0.110236  0.136035   \n",
       "Spiders           0.062389 -0.173506  0.261460  0.037864  0.130724   \n",
       "Edema            -0.108267 -0.331281  0.257297  0.023525  0.140674   \n",
       "Bilirubin         0.397129 -0.314177  0.456918  0.116984  0.441730   \n",
       "Cholesterol       1.000000 -0.069733  0.126115  0.149473  0.353246   \n",
       "Albumin          -0.069733  1.000000 -0.264771 -0.101456 -0.220047   \n",
       "Copper            0.126115 -0.264771  1.000000  0.187357  0.293829   \n",
       "Alk_Phos          0.149473 -0.101456  0.187357  1.000000  0.112217   \n",
       "SGOT              0.353246 -0.220047  0.293829  0.112217  1.000000   \n",
       "Tryglicerides     0.276830 -0.103417  0.279852  0.180082  0.126119   \n",
       "Platelets         0.191710  0.158659 -0.064403  0.143733 -0.120147   \n",
       "Prothrombin      -0.030811 -0.200592  0.218224  0.089384  0.112174   \n",
       "Stage             0.011164 -0.305296  0.269400  0.041273  0.164945   \n",
       "\n",
       "               Tryglicerides  Platelets  Prothrombin     Stage  \n",
       "ID                 -0.034100  -0.076699    -0.191930 -0.033757  \n",
       "N_Days             -0.153000   0.151361    -0.111470 -0.366193  \n",
       "Status              0.212486  -0.083823     0.339424  0.320291  \n",
       "Drug                0.008572  -0.057216     0.043053  0.019133  \n",
       "Age                 0.022065  -0.148201     0.113760  0.189083  \n",
       "Sex                 0.050511  -0.090594     0.070476  0.017235  \n",
       "Ascites             0.207103  -0.134454     0.082681  0.043631  \n",
       "Hepatomegaly        0.160466  -0.163387     0.097493  0.215112  \n",
       "Spiders             0.096665  -0.142450     0.107120  0.105712  \n",
       "Edema               0.083193  -0.203826     0.331638  0.243216  \n",
       "Bilirubin           0.436748  -0.013435     0.314894  0.200731  \n",
       "Cholesterol         0.276830   0.191710    -0.030811  0.011164  \n",
       "Albumin            -0.103417   0.158659    -0.200592 -0.305296  \n",
       "Copper              0.279852  -0.064403     0.218224  0.269400  \n",
       "Alk_Phos            0.180082   0.143733     0.089384  0.041273  \n",
       "SGOT                0.126119  -0.120147     0.112174  0.164945  \n",
       "Tryglicerides       1.000000   0.103212     0.020122  0.123899  \n",
       "Platelets           0.103212   1.000000    -0.167331 -0.253523  \n",
       "Prothrombin         0.020122  -0.167331     1.000000  0.207802  \n",
       "Stage               0.123899  -0.253523     0.207802  1.000000  "
      ]
     },
     "execution_count": 110,
     "metadata": {},
     "output_type": "execute_result"
    }
   ],
   "source": [
    "data.corr()"
   ]
  },
  {
   "cell_type": "code",
   "execution_count": 111,
   "metadata": {},
   "outputs": [],
   "source": [
    "X = data.drop(['Stage'], axis = 1)\n",
